Frequency	Amplitude
1001.55	0.486342
1001.22	0.486488
1000.63	0.487509
1000.62	0.487211
1049.59	0.487819
1050.12	0.487417
1049.53	0.48795
1101.04	0.486917
1099.36	0.487796
1099.01	0.487842
1150.05	0.487339
1149.7	0.487317
1149.94	0.487492
1150.66	0.487
1199.81	0.486829
1199.7	0.487034
1200.12	0.486811
1250.65	0.486732
1251.19	0.48638
1249.79	0.486991
1299.95	0.486685
1300.07	0.486672
1299.8	0.486754
1300.33	0.486459
1350.59	0.486127
1350.66	0.486206
1350.58	0.486174
1400.63	0.485898
1400.5	0.486049
1399.95	0.486133
1450.72	0.485702
1451.05	0.485739
1450.51	0.485705
1450.85	0.48564
1500.55	0.485395
1500.93	0.485247
1500.48	0.485394
1550.48	0.485216
1550.07	0.485214
1550.86	0.485038
1600.41	0.485277
1600.73	0.48518
1600.26	0.485243
1599.97	0.485268
1649.65	0.485023
1649.56	0.485026
1650.03	0.48522
1699.92	0.484892
1699.68	0.485024
1699.09	0.485026
1749.99	0.484827
1749.38	0.484892
1749.42	0.484862
1749.86	0.484773
1799.62	0.484544
1799.51	0.484481
1799.41	0.484622
1849.28	0.484237
1849.13	0.484197
1849.46	0.484246
1899.55	0.484105
1899.59	0.484012
1899.8	0.483877
1899.56	0.483909
1949.69	0.483641
1949.55	0.483353
1949.52	0.483425
1999.43	0.483184
1999.45	0.483453
1999.23	0.483307
2049.3	0.483055
2049.38	0.483052
2049.8	0.483355
2049.83	0.482989
2099.79	0.482808
2099.59	0.482684
2099.68	0.482872
2149.74	0.482381
2149.86	0.482587
2149.63	0.482687
2199.72	0.482212
2199.63	0.48222
2199.75	0.482416
2249.98	0.48202
2250.04	0.482
2250.01	0.481991
2249.89	0.481975
2299.92	0.481631
2299.94	0.481695
2299.93	0.481654
2349.78	0.481028
2349.96	0.481143
2349.76	0.481324
2400.03	0.480965
2399.85	0.480702
2399.92	0.480933
2399.94	0.480917
2449.75	0.480728
2449.75	0.48053
2449.89	0.480741
2500.17	0.480233
2499.86	0.480143
2499.89	0.480101
2550.03	0.479931
2549.78	0.48002
2549.86	0.479755
2549.92	0.4799
2600.11	0.479256
2600.03	0.479432
2600.26	0.479299
2649.77	0.478908
2649.97	0.47895
2649.98	0.478859
2699.96	0.478419
2700.05	0.478503
2699.95	0.478289
2700.06	0.478582
2749.69	0.47803
2749.95	0.477915
2750	      0.477858
2799.98	0.477382
2799.73	0.477352
2799.78	0.47754
2850.01	0.476818
2849.95	0.476823
2849.99	0.476946
2850.13	0.47695
2900.05	0.476335
2899.76	0.476365
2899.85	0.476366
2949.93	0.475724
2950.11	0.475798
2950.11	0.475921
2999.72	0.475449
3000.03	0.475123
2999.7	0.475418
2999.92	0.475052
3049.88	0.474501
3050.07	0.474547
3049.77	0.474533
3100.1	0.473768
3099.85	0.473993
3100	      0.473846
3149.72	0.473187
3149.82	0.473202
3150.01	0.473203
3150.12	0.473182
3200.07	0.472448
3199.96	0.472309
3199.95	0.472539
3249.79	0.47161
3250.13	0.471655
3249.68	0.471593
3300.09	0.471008
3300.09	0.470869
3299.96	0.470932
3300.06	0.470791
3350.01	0.470088
3349.99	0.470119
3349.75	0.469934
3400.06	0.469265
3399.94	0.469097
3399.93	0.469219
3449.86	0.468204
3449.97	0.468476
3449.68	0.468356
3449.95	0.468425
3499.85	0.467054
3499.81	0.467397
3499.79	0.4674
3550.03	0.466197
3549.9	0.466175
3549.95	0.466057
3599.86	0.465228
3599.65	0.465099
3599.89	0.465076
3599.86	0.465134
3650.12	0.463958
3649.9	0.46397
3649.99	0.464069
3699.77	0.462856
3700.1	0.462586
3699.96	0.462816
3749.89	0.461387
3750.06	0.461414
3749.8	0.461742
3750	      0.461559
3799.92	0.459948
3799.86	0.459835
3800.07	0.46002
3849.94	0.45854
3849.9	0.458525
3849.97	0.45873
3899.99	0.457099
3900.1	0.456968
3899.8	0.457149
3899.94	0.457312
3949.67	0.455643
3949.84	0.455541
3949.85	0.455592
3999.84	0.453906
3999.95	0.453771
4000.02	0.454031
4049.72	0.451974
4049.66	0.451896
4049.92	0.452103
4049.95	0.452089
4099.88	0.450219
4099.88	0.450057
4099.91	0.450111
4149.73	0.448054
4149.78	0.447985
4149.72	0.448088
4200.03	0.445982
4199.94	0.445944
4200.07	0.446041
4199.95	0.445967
4249.81	0.443769
4249.92	0.443849
4250.08	0.443836
4299.76	0.441273
4300.05	0.441157
4299.81	0.441204
4349.94	0.438708
4349.85	0.43876
4349.93	0.438564
4349.98	0.4386
4399.79	0.435863
4399.84	0.435797
4400.01	0.435867
4449.88	0.432925
4450.02	0.432828
4449.69	0.432869
4499.89	0.429563
4499.98	0.429647
4499.74	0.429678
4499.72	0.42973
4549.94	0.426298
4549.92	0.426367
4550.04	0.4262
4599.88	0.422653
4599.55	0.422764
4600.04	0.422577
4649.69	0.418941
4649.82	0.418946
4649.83	0.418854
4649.94	0.418864
4699.81	0.414553
4700.05	0.414776
4699.81	0.41471
4749.75	0.410394
4749.95	0.41026
4749.83	0.410249
4800.13	0.405471
4799.98	0.40539
4799.93	0.405409
4799.88	0.405508
4850.04	0.400455
4849.88	0.400483
4849.73	0.400394
4900	      0.394976
4899.94	0.395004
4900.07	0.394866
4949.81	0.38933
4949.81	0.389073
4949.86	0.389125
4949.87	0.389124
4999.88	0.38286
4999.82	0.382995
5000.02	0.382757
5049.75	0.376251
5049.75	0.376118
5049.93	0.376253
5100.01	0.368821
5099.78	0.368887
5099.84	0.368781
5099.71	0.368823
5149.58	0.361131
5149.71	0.360996
5149.93	0.361067
5199.75	0.352749
5199.66	0.352831
5199.89	0.352709
5249.63	0.343789
5249.83	0.343915
5249.94	0.343648
5249.96	0.34367
5299.82	0.334384
5299.88	0.334266
5299.9	0.33421
5350.01	0.324479
5349.98	0.324376
5349.88	0.324437
5399.71	0.31382
5400.01	0.313741
5399.86	0.313787
5399.9	0.313828
5449.99	0.302518
5449.85	0.302534
5449.87	0.302418
5499.74	0.29045
5499.68	0.290475
5499.9	0.290312
5549.62	0.278066
5549.57	0.277925
5549.77	0.277692
5549.75	0.277766
5600	      0.264614
5599.89	0.264616
5599.88	0.264699
5650.14	0.251256
5649.83	0.251344
5649.98	0.251142
5699.93	0.237348
5700.05	0.237218
5700.18	0.23717
5699.8	0.237207
5749.71	0.223145
5749.89	0.223116
5750.15	0.222994
5799.93	0.208976
5800.2	0.208777
5800.2	0.208718
5849.91	0.19476
5849.78	0.194791
5849.71	0.194698
5849.82	0.194684
5899.23	0.18133
5900.3	0.181135
5899.84	0.181181
5950.11	0.168647
5950.47	0.168554
5949.94	0.168491
5999.52	0.157508
5999.72	0.157555
5999.87	0.157558
5999.15	0.157585
6049.89	0.148382
6050.35	0.148469
6049.56	0.148406
6099.46	0.141719
6100.15	0.141764
6100.08	0.141822
6150	      0.137958
6149.6	0.138047
6150.23	0.137867
6149.67	0.138045
6200.09	0.137281
6200.04	0.137253
6199.58	0.137289
6249.58	0.13969
6249.45	0.139808
6249.98	0.139751
6299.74	0.14511
6299.42	0.144977
6299.95	0.144987
6299.81	0.144885
6350.03	0.152407
6349.97	0.152409
6349.78	0.152504
6399.41	0.161843
6400.08	0.161916
6399.51	0.16184
6450.02	0.172386
6450.23	0.172403
6449.68	0.17249
6449.95	0.172585
6500.19	0.183898
6500.16	0.183785
6500.49	0.183893
6549.44	0.195861
6549.81	0.195828
6550.35	0.195929
6599.8	0.208112
6599.98	0.208132
6599.78	0.208183
6599.76	0.208098
6649.84	0.220322
6650.11	0.220304
6650.1	0.220295
6699.61	0.232306
6699.86	0.232175
6699.63	0.232105
6749.77	0.244052
6749.68	0.243971
6749.87	0.243909
6749.82	0.243983
6799.82	0.255118
6799.59	0.255315
6799.89	0.255245
6849.86	0.266254
6850.06	0.266191
6849.88	0.266282
6899.92	0.276692
6899.89	0.276668
6899.73	0.276759
6899.81	0.27677
6950	      0.286797
6949.82	0.286739
6950.15	0.286846
6999.82	0.296488
6999.68	0.296396
6999.77	0.296416
7049.81	0.305453
7050.21	0.305709
7049.88	0.305583
7049.67	0.305448
7099.92	0.314099
7099.6	0.31435
7099.68	0.314148
7149.8	0.322486
7150.13	0.32238
7150.09	0.322526
7200.28	0.330166
7199.93	0.329925
7200.14	0.330135
7199.66	0.329965
7250.05	0.337184
7249.66	0.337252
7249.64	0.33728
7299.67	0.344119
7299.8	0.344127
7300.03	0.344175
7349.79	0.350538
7349.76	0.35049
7349.79	0.350549
7349.63	0.350447
7400.09	0.356795
7400.02	0.356745
7399.57	0.356531
7449.92	0.362374
7449.99	0.362404
7449.8	0.362329
7500.05	0.368135
7499.97	0.367918
7499.87	0.367856
7499.6	0.367749
7549.83	0.373151
7550.01	0.372918
7549.85	0.372922
7599.58	0.377716
7599.86	0.377916
7599.89	0.377844
7649.96	0.38248
7649.9	0.38235
7649.93	0.382429
7683.85	0.385576
7699.93	0.386644
7699.71	0.38661
7699.6	0.386554
7749.73	0.3906
7749.46	0.390873
7749.7	0.390786
7799.93	0.394596
7799.78	0.394502
7799.82	0.394656
7849.82	0.398189
7849.79	0.398241
7849.76	0.398277
7849.75	0.398281
7899.84	0.401847
7900	      0.401881
7900.08	0.40185
7949.55	0.405039
7949.65	0.405039
7950.08	0.404948
8000.14	0.408154
7999.92	0.408056
7999.78	0.4081
7999.9	0.408124
8049.78	0.411106
8049.98	0.411077
8049.64	0.410969
8099.89	0.41384
8100.07	0.413897
8099.84	0.413914
8149.97	0.416653
8149.94	0.416422
8149.97	0.416552
8149.8	0.416537
8199.8	0.418995
8200.01	0.418941
8199.96	0.418887
8249.7	0.421263
8249.58	0.421324
8249.87	0.421272
8299.81	0.423472
8299.83	0.423672
8299.64	0.423587
8299.84	0.423803
8349.96	0.425789
8349.88	0.425765
8349.96	0.425762
8399.73	0.427852
8399.93	0.427779
8399.84	0.428039
8449.84	0.429777
8449.99	0.429758
8449.85	0.429831
8449.73	0.429771
8499.94	0.431704
8499.69	0.431605
8499.82	0.431547
8549.66	0.433557
8549.66	0.433323
8549.76	0.433376
8599.88	0.435098
8599.9	0.435435
8599.72	0.435178
8599.75	0.435138
8649.77	0.436981
8649.69	0.436709
8649.6	0.436719
8699.84	0.438398
8699.85	0.438425
8699.88	0.438327
8749.6	0.439829
8749.81	0.439835
8749.66	0.439889
8749.97	0.440024
8799.85	0.441288
8799.91	0.441504
8799.83	0.441424
8849.62	0.442713
8849.84	0.442567
8849.77	0.442749
8899.82	0.443985
8899.82	0.444097
8899.8	0.444036
8900.02	0.444001
8949.69	0.44526
8949.77	0.445161
8949.79	0.445348
8999.61	0.446487
8999.67	0.446493
8999.93	0.446504
9049.95	0.447573
9049.86	0.447596
9049.79	0.447585
9049.75	0.44761
9099.53	0.448803
9099.97	0.448673
9099.92	0.448618
9149.8	0.449828
9149.92	0.44988
9149.83	0.449912
9199.68	0.450697
9199.82	0.450811
9199.7	0.450745
9199.82	0.450697
9249.77	0.451775
9249.68	0.451733
9249.93	0.45187
9299.69	0.452768
9299.78	0.452757
9299.8	0.452683
9349.73	0.453605
9349.59	0.453608
9349.74	0.453518
9349.61	0.453429
9399.68	0.454583
9399.83	0.454539
9399.84	0.454521
9449.75	0.455291
9449.69	0.455451
9449.55	0.455422
9499.68	0.456088
9499.94	0.45633
9499.71	0.456206
9499.77	0.456301
9549.7	0.457053
9549.72	0.45686
9549.92	0.457054
9599.84	0.457569
9599.97	0.457717
9599.88	0.457657
9599.86	0.457766
9649.88	0.458425
9649.76	0.458452
9649.82	0.4584
9699.69	0.45912
9699.61	0.459102
9699.69	0.459043
9749.6	0.459899
9749.71	0.459797
9749.88	0.45957
9749.85	0.459622
9799.72	0.460426
9799.84	0.460341
9799.64	0.460361
9849.85	0.461004
9849.71	0.461032
9849.88	0.461109
9899.78	0.461573
9899.73	0.461603
9899.68	0.461642
9899.88	0.461675
9949.99	0.462381
9949.93	0.462179
9949.81	0.462214
9999.75	0.462878
9999.65	0.462846
9999.61	0.462982
10049.9	0.463321
10049.6	0.463254
10049.9	0.463458
10050	      0.463367
10099.9	0.463881
10099.6	0.463783
10099.8	0.463856
10149.6	0.464378
10149.7	0.464507
10149.6	0.464337
10199.9	0.464946
10199.8	0.464849
10199.8	0.464918
10249.6	0.4654
10250	      0.465484
10249.7	0.465551
10249.8	0.465465
10299.9	0.465958
10299.8	0.465851
10299.6	0.465768
10349.8	0.466334
10349.8	0.466411
10349.5	0.466251
10399.7	0.466775
10399.9	0.466894
10399.7	0.466802
10399.8	0.466804
10449.8	0.467212
10449.8	0.467234
10449.9	0.467236
10499.8	0.467575
10499.7	0.467729
10499.7	0.467559
10549.8	0.467911
10549.8	0.46786
10550.1	0.467963
10549.8	0.467958
10599.5	0.46839
10599.7	0.468392
10599.6	0.468348
10649.7	0.468691
10649.7	0.468882
10650	      0.468934
10699.6	0.469342
10699.7	0.469038
10699.8	0.46913
10699.7	0.469183
10749.8	0.469615
10749.8	0.46951
10749.8	0.469578
10799.8	0.469788
10799.8	0.469715
10799.6	0.469725
10849.7	0.470341
10849.8	0.470134
10849.6	0.470307
10849.5	0.470232
10899.7	0.470564
10899.9	0.470541
10899.8	0.470314
10949.7	0.470815
10949.7	0.470812
10949.9	0.470726
10999.6	0.471058
10999.9	0.471126
10999.7	0.471179
10999.7	0.471139
11049.8	0.471342
11049.6	0.471437
11049.7	0.471464
11099.8	0.471701
11099.9	0.471742
11099.8	0.471749
11149.9	0.47193
11149.9	0.472104
11149.7	0.472072
11149.6	0.47206
11199.9	0.472337
11199.9	0.472367
11199.8	0.472153
11249.8	0.472514
11249.9	0.472516
11249.8	0.472594
11249.7	0.472542
11299.6	0.472987
11299.6	0.472753
11299.7	0.47279
11349.7	0.473155
11350	      0.473092
11349.8	0.473095
11399.7	0.473339
11399.7	0.473327
11399.6	0.473077
11449.9	0.47362
11449.9	0.473636
11449.8	0.47365
11449.8	0.473661
11499.8	0.473867
11499.9	0.473736
11499.7	0.474018
11550	      0.474125
11549.9	0.474026
11549.9	0.474018
11599.8	0.474359
11599.8	0.474398
11599.7	0.474401
11599.6	0.474205
11649.7	0.474372
11649.7	0.474445
11649.6	0.474518
11699.8	0.474802
11699.9	0.474854
11699.9	0.474733
11749.5	0.475012
11749.6	0.474986
11749.7	0.474986
11749.6	0.475059
11799.8	0.475145
11799.8	0.475239
11799.8	0.475241
11849.9	0.47544
11850	      0.47519
11849.8	0.475386
11899.8	0.475577
11899.9	0.475658
11899.6	0.475572
11899.8	0.475515
11949.8	0.475716
11949.8	0.475585
11949.8	0.475798
11999.6	0.475858
11999.9	0.475766
11999.9	0.475925
12049.6	0.47609
12049.9	0.476069
12049.8	0.476097
12099.8	0.476254
12099.7	0.476229
12099.6	0.476295
12099.9	0.476327
12149.9	0.476482
12149.7	0.476414
12150	      0.476315
12199.8	0.476458
12199.7	0.47651
12199.7	0.476465
12249.7	0.476655
12249.7	0.476649
12249.8	0.476777
12249.8	0.476894
12299.7	0.47685
12299.7	0.476841
12299.7	0.477072
12349.8	0.477017
12350	      0.476989
12350	      0.477078
12399.8	0.47727
12399.7	0.477257
12399.7	0.477366
12399.8	0.477238
12449.7	0.477291
12449.7	0.477443
12449.6	0.47749
12499.6	0.477364
12499.7	0.47765
12499.7	0.477566
12549.7	0.477658
12549.6	0.477521
12549.8	0.47776
12549.6	0.477749
12599.9	0.477836
12599.8	0.477932
12599.8	0.477951
12649.9	0.478146
12649.7	0.478073
12649.7	0.478026
12699.7	0.478198
12699.7	0.478383
12699.6	0.478279
12749.7	0.478553
12749.7	0.478229
12749.7	0.478252
12749.8	0.478265
12799.7	0.478513
12799.6	0.478415
12799.4	0.478634
12849.9	0.478383
12849.9	0.478424
12849.8	0.478562
12899.6	0.478872
12899.7	0.478825
12899.5	0.478758
12899.7	0.478813
12949.5	0.478802
12949.8	0.478901
12949.7	0.478972
12999.4	0.478976
12999.6	0.478983
12999.9	0.478933